1f, -1f, -1f, 
-1f, -1f, 1f, 
-1f, -1f, -1f, 
-1f, 1f, -1f, 
0.999999f, 1f, 1f, 
1f, 1f, -0.999999f, 
1f, 1f, -0.999999f, 
1f, -1f, 1f, 
1f, -1f, -1f, 
0.999999f, 1f, 1f, 
-1f, -1f, 1f, 
1f, -1f, 1f, 
-1f, -1f, 1f, 
-1f, 1f, -1f, 
-1f, -1f, -1f, 
1f, -1f, -1f, 
-1f, 1f, -1f, 
1f, 1f, -0.999999f, 
1f, -1f, -1f, 
1f, -1f, 1f, 
-1f, -1f, 1f, 
-1f, 1f, -1f, 
-1f, 1f, 1f, 
0.999999f, 1f, 1f, 
1f, 1f, -0.999999f, 
0.999999f, 1f, 1f, 
1f, -1f, 1f, 
0.999999f, 1f, 1f, 
-1f, 1f, 1f, 
-1f, -1f, 1f, 
-1f, -1f, 1f, 
-1f, 1f, 1f, 
-1f, 1f, -1f, 
1f, -1f, -1f, 
-1f, -1f, -1f, 
-1f, 1f, -1f, 
&
0, -1, 0, 
0, -1, 0, 
0, -1, 0, 
0, 1, 0, 
0, 1, 0, 
0, 1, 0, 
1, -0, 0, 
1, -0, 0, 
1, -0, 0, 
-0, -0, 1, 
-0, -0, 1, 
-0, -0, 1, 
-1, -0, -0, 
-1, -0, -0, 
-1, -0, -0, 
0, 0, -1, 
0, 0, -1, 
0, 0, -1, 
0, -1, 0, 
0, -1, 0, 
0, -1, 0, 
0, 1, 0, 
0, 1, 0, 
0, 1, 0, 
1, -0, 0, 
1, -0, 0, 
1, -0, 0, 
-0, -0, 1, 
-0, -0, 1, 
-0, -0, 1, 
-1, -0, -0, 
-1, -0, -0, 
-1, -0, -0, 
0, 0, -1, 
0, 0, -1, 
0, 0, -1, 
&
1 , 1 , 1 , 3 , 2 , 1 , 4 , 3 , 1 , 8 , 4 , 2 , 6 , 5 , 2 , 5 , 6 , 2 , 5 , 6 , 3 , 2 , 7 , 3 , 1 , 1 , 3 , 6 , 8 , 4 , 3 , 2 , 4 , 2 , 9 , 4 , 3 , 2 , 5 , 8 , 10 , 5 , 4 , 3 , 5 , 1 , 11 , 6 , 8 , 10 , 6 , 5 , 12 , 6 , 1 , 1 , 1 , 2 , 7 , 1 , 3 , 2 , 1 , 8 , 4 , 2 , 7 , 13 , 2 , 6 , 5 , 2 , 5 , 6 , 3 , 6 , 5 , 3 , 2 , 7 , 3 , 6 , 8 , 4 , 7 , 14 , 4 , 3 , 2 , 4 , 3 , 2 , 5 , 7 , 14 , 5 , 8 , 10 , 5 , 1 , 11 , 6 , 4 , 3 , 6 , 8 , 10 , 6 ,
&
0.3756, 0.5006, 
0.6244, 0.7494, 
0.3756, 0.7494, 
0.3756, 0.0031, 
0.6244, 0.2519, 
0.3756, 0.2519, 
0.3756, 0.2519, 
0.6244, 0.5006, 
0.3756, 0.5006, 
0.8731, 0.9981, 
0.6244, 0.7494, 
0.8731, 0.7494, 
0.6244, 0.7494, 
0.3756, 0.9981, 
0.3756, 0.7494, 
0.1269, 0.7494, 
0.3756, 0.9981, 
0.1269, 0.9981, 
0.3756, 0.5006, 
0.6244, 0.5006, 
0.6244, 0.7494, 
0.3756, 0.0031, 
0.6244, 0.0031, 
0.6244, 0.2519, 
0.3756, 0.2519, 
0.6244, 0.2519, 
0.6244, 0.5006, 
0.8731, 0.9981, 
0.6244, 0.9981, 
0.6244, 0.7494, 
0.6244, 0.7494, 
0.6244, 0.9981, 
0.3756, 0.9981, 
0.1269, 0.7494, 
0.3756, 0.7494, 
0.3756, 0.9981,

